0.650736183353
0
-0.647368589095
0.674539219424
0
-0.568579962053
-0.568579962053
0
0
-0.114789379655
0
-0.568579962053
0
-0.717668773697
-0.568579962053
0
0
0
0
-0.851086586433
0
0
0
0
-0.568579962053
-0.568579962053
0
-0.554709729212
-0.568579962053
0
-0.114789379655
-0.568579962053
-0.554709729212
0
0
0
0
0
0
0
0
0
0
0
0
-0.568579962053
0
0
0
0
0
-0.628014572518
0
0
0
-0.568579962053
0.650736183353
0
0
0
0
0
0
-0.568579962053
0
0
0
0
-0.568579962053
0
-0.568579962053
-0.628014572518
-0.52742155176
0
-0.443650591758
-0.568579962053
0
-0.628014572518
-0.554709729212
0.747000386366
0.0624590455553
0
0
0
0
0.0624590455553
-0.568579962053
0
-0.568579962053
-0.568579962053
-0.568579962053
0.650736183353
0
0
0
0
-0.554709729212
-0.851086586433
-0.851086586433
0
-0.851086586433
-0.851086586433
0
-0.14125331219
0
-0.851086586433
0.674539219424
-0.851086586433
-0.568579962053
0
-0.52742155176
-0.851086586433
-0.851086586433
-0.568579962053
0
0
-0.554709729212
-0.568579962053
0
-0.717668773697
0
0
-0.851086586433
0
-0.568579962053
-0.568579962053
-0.628014572518
0
-0.851086586433
-0.554709729212
-0.851086586433
-0.851086586433
0
-0.851086586433
0.650736183353
-0.554709729212
0.650736183353
0.747000386366
0
-0.568579962053
0
-0.559333140159
0
-0.568579962053
0
-0.628014572518
-0.568579962053
0
-0.851086586433
0
-0.554709729212
0.650736183353
-0.52742155176
-0.568579962053
-0.568579962053
-0.568579962053
-0.568579962053
-0.568579962053
0.747000386366
0
0.747000386366
-0.568579962053
0.674539219424
0
-0.568579962053
-0.568579962053
0
0
-0.628014572518
0.674539219424
0
-0.568579962053
0
0
-0.52742155176
0
0
-0.568579962053
0
-0.568579962053
-0.851086586433
-0.568579962053
-0.568579962053
-0.568579962053
-0.568579962053
0
-0.628014572518
0
-0.554709729212
0
0
0.674539219424
-0.114789379655
0
0.650736183353
-0.568579962053
0
0
0
0
0
-0.851086586433
0
0
0
0
-0.568579962053
0.650736183353
0
0
0.674539219424
0
-0.568579962053
0
-0.568579962053
0
0.650736183353
0
0
0
0
0
0
0
0
0
0
-0.628014572518
-0.568579962053
0.650736183353
0
0
-0.568579962053
0
0
-0.554709729212
0
-0.683452683096
-0.568579962053
0
0
0
0
-0.568579962053
0
0.650736183353
0
0
-0.568579962053
0
0
-0.568579962053
0
0.52742155176
-0.851086586433
0
-0.568579962053
-0.568579962053
0
0
0
0
0
0
0
-0.851086586433
0
-0.851086586433
-0.851086586433
0
0
0
0
0
0
-0.628014572518
-0.568579962053
-0.568579962053
0
-0.554709729212
-0.568579962053
0
0
-0.568579962053
0
0
0.747000386366
0
-0.683452683096
-0.568579962053
0
0
-0.568579962053
0
-0.851086586433
0
0
-0.851086586433
0
0
-0.568579962053
0
0
-0.0819438530534
0
0
0
0
0
-0.568579962053
0
0
-0.568579962053
0
0
0
0
-0.568579962053
0
0
0
0.895283226459
0
0
-0.568579962053
0
-0.568579962053
0
0
0
0
0
0
0
0
0
0
0
0
-0.568579962053
0
0
0
0
0
0
0
0
0
0
0
0
0
0
0
0
0
-0.568579962053
0
0
-0.628014572518
-0.568579962053
0
0
0
0
-0.659878378027
0.568579962053
0
0
0
0
-0.628014572518
0
0
0
0.650736183353
-0.851086586433
0
-0.113879210209
0.674539219424
0
0
0
-0.554709729212
0
0
0.778685681732
0
0
0
-0.851086586433
0
0
0
0
0
0
0
0.628014572518
0
0
-0.568579962053
0
0
-0.717668773697
-0.717668773697
-0.52742155176
-0.717668773697
-0.851086586433
0
0
-0.717668773697
-0.717668773697
-0.717668773697
-0.717668773697
-0.717668773697
0.650736183353
-0.717668773697
-0.792335204294
-0.568579962053
-0.568579962053
-0.568579962053
-0.568579962053
0
0
0
0
0
-0.568579962053
0
0.628014572518
-0.717668773697
0
0
-0.717668773697
-0.851086586433
0
-0.717668773697
0
-0.717668773697
-0.717668773697
0
-0.52742155176
-0.717668773697
0
0
0
-0.717668773697
-0.568579962053
-0.568579962053
-0.717668773697
0
-0.672841673108
-0.717668773697
-0.717668773697
0
-0.568579962053
-0.717668773697
-0.568579962053
-0.717668773697
0
-0.717668773697
0
0
-0.568579962053
0
-0.717668773697
0
-0.717668773697
-0.717668773697
-0.672841673108
-0.628014572518
0
0
0
0
0
0
-0.717668773697
0
-0.568579962053
-0.717668773697
-0.568579962053
0.650736183353
0
-0.717668773697
-0.717668773697
-0.666218191141
-0.717668773697
0
-0.568579962053
0
-0.52742155176
0
0
0
0
0
0
0
0
0
0
-0.568579962053
-0.568579962053
0
0
0
0
0
-0.717668773697
-0.717668773697
0
0
0
0
-0.717668773697
0
-0.851086586433
0
0
0
-0.717668773697
-0.568579962053
0
-0.52742155176
0
0
-0.393880909664
-0.717668773697
0
-0.568579962053
0
0
0
0
-0.568579962053
-0.568579962053
-0.568579962053
-0.568579962053
0
0
-0.717668773697
-0.717668773697
-0.717668773697
-0.0549297051734
0
0.443650591758
0
-0.717668773697
0.0624590455553
0
-0.52742155176
-0.717668773697
0
-0.717668773697
0
0
0
0
0
0.674539219424
0
0.650736183353
0.650736183353
0
-0.717668773697
-0.568579962053
-0.628014572518
-0.568579962053
0
0
0
-0.568579962053
-0.554709729212
0
-0.568579962053
0
0
0
-0.568579962053
0
0
0
0
0
-0.717668773697
0
0
-0.568579962053
-0.717668773697
0.568579962053
0
0
-0.568579962053
0
0
-0.131293636555
0
0
0
-0.568579962053
0
-0.717668773697
0
-0.568579962053
0
-0.568579962053
0
-0.568579962053
0
0.0624590455553
-0.568579962053
0.733872661954
0
0
-0.628014572518
0
0
0
0
-0.717668773697
0
0
0
-0.851086586433
0
0
0
0
0.683452683096
0
0
0
-0.568579962053
0
0
0
0
0
-0.568579962053
0
0
0
0
0
0
0
-0.717668773697
0
0
-0.568579962053
0
0
0
-0.554709729212
0
0
-0.628014572518
0
0
0
0
0
0.259034461388
0
-0.568579962053
0
-0.628014572518
-0.717668773697
0
-0.717668773697
-0.568579962053
0
0
0
-0.52742155176
0
0
-0.717668773697
-0.628014572518
-0.717668773697
-0.717668773697
-0.717668773697
0
-0.717668773697
-0.52742155176
0
0
0
0
0
-0.554709729212
-0.568579962053
-0.717668773697
-0.717668773697
-0.568579962053
0
-0.851086586433
-0.717668773697
-0.717668773697
-0.851086586433
-0.717668773697
0
0
0
0
-0.851086586433
0
-0.568579962053
0
0
0
-0.717668773697
-0.805340693105
0.650736183353
-0.717668773697
0
0
0
-0.717668773697
0
0
-0.717668773697
-0.52742155176
0
0
0
0
0
0.0745444058223
0
0
0
0
0
-0.554709729212
0
0.628014572518
-0.554709729212
-0.554709729212
0
0
0.683452683096
0
0
0.683452683096
0
-0.717668773697
0.946522651437
0
0
0
-0.568579962053
-0.717668773697
0
0
0
0
0
0
0
-0.717668773697
0
-0.851086586433
0
-0.717668773697
-0.717668773697
-0.628014572518
0
0
0
-0.717668773697
-0.717668773697
0
0.628014572518
0.0951236109688
-0.851086586433
0
-0.628014572518
0
0.393880909664
-0.628014572518
0
0
0.393880909664
-0.628014572518
-0.568579962053
-0.717668773697
-0.568579962053
0
0
-0.568579962053
0
0
0
-0.717668773697
0
